Case #1: 3 4 6
Case #2: 1 2 3 4
Case #3: 251 268 284 311 332 343 350 370 397 434 469 494 502 524 535 562 586 604 620 626 653 678 682 721 734
Case #4: 92 167 187 200 212 252 253 277 312 328
Case #5: 51 56 63 64 68 71 77 79 82 88 91 96 97 100 103 105 106 111 114 116 119 121 123 125 129 131 133 138 141 145 146 148 152 154 156 158 162 165 168 171 172 175 177 181 184 185 187 189 191 194
Case #6: 82 125 143 148 182 191 215
Case #7: 5 6 9 11 14 15 16 19 21 23 25 26 27 29 30 32 34 36 37
Case #8: 20 21 22 23 24 25 26 27 28 29 30 31 32 33 34 35 36 37 38 39 40 41 42 43 44 45 46 47 48 49 50 51 52 53 54 55 56 57 58 59 60 61 62 63 64 65 66 67 68 69
Case #9: 51 65 74 77 81 84 88 89 93 95 102 107 110 113 117 120 123 124 129 131 137
Case #10: 2 3 4 5 6 7 8 9 10 11
Case #11: 26 35 38 41 45 47 56 58 59 63 68 69 71 78 79 81 85 89 92 95 97 100 103 105 106
Case #12: 4 29 54 79 104 129 154 179 204 229 254 279 304 329 354 379 404 429 454 479 504 529 554 579 604
Case #13: 22 222
Case #14: 67 71 77 78 81 87 90 92 95 96 98 100 104 105 107 109 110 111 112 114 115 117 119 120 123 126 127 129 131 133 136 137 138 140 142 144 145 149 150 151 154 155 158 160 161 163 165 168 171 172
Case #15: 2 6
Case #16: 14 18 26 28 31 37 40 44 45 47 51 54 56 57 58 63 69 72 74 76 81
Case #17: 13 61 108 154 199 243 286 328 369 409 448 486 523 524 525 526 527 528 529 530 531 532 533 534 535 536 537 538 539 540 541 542 543 544 545 546 547 548 549 550 551 552 553 554 555 556 557 558 559 1250
Case #18: 24 57 84 87 107 112 138 161 164 184 197 210 217 234 256 276 286 331 333 356 363 387 394 426 447 467 475 478 479 486 508 525 544 556 576 585 597 621 626 648 668 686 690 704 713 733 735 738 741 764
Case #19: 10 11 14 16 17 18 20
Case #20: 2 22
Case #21: 3 7 11 15
Case #22: 7 9 11 14 17 19 20 21 25 28 31 33 34 37 38 39 42 44 46 47 49 51
Case #23: 1 2 3
Case #24: 20 21 27 30 32 36 38 40 42 44 47 48 51 52 54 55 56
Case #25: 8 9 12 13
Case #26: 4 8
Case #27: 751 752 753 754 755 756 757 758 759 760 761 762 763 764 765 766 767 768 769 770 771 772 773 774 775 776 777 778 779 780 781 782 783 784 785 786 787 788 789 790 791 792 793 794 795 796 797 798 799 800
Case #28: 14 19 20 27 29 33 35
Case #29: 2 7 8 9 10 11 24
Case #30: 31 36 40 45 49 50 51 54 61 63 70 74 76 78
Case #31: 6 8
Case #32: 4 5 6 7 8 9 10
Case #33: 17 19 22 24 26 29 32 37 39 41
Case #34: 5 9 10 14
Case #35: 14 20 22 29 32 40 43 48 52 56 57
Case #36: 4 5 7 8 11 12 14 15 17 18
Case #37: 18 20 21 23 26 27 29 31 34 35 36 38 40 43 44 45 49 50 52 55
Case #38: 2 3 4
Case #39: 18 20 23 25 28 29 31 32 34 38 41 42 44 47 49 51 52 53 54 57 59 60 62 64 65
Case #40: 1 2 3 4 5 6 7
Case #41: 2 4
Case #42: 45 48 49 50 54 57 58 64 67 70 73 75 77 79 81 86 89 91 96 98 101 104 107
Case #43: 10 32 52 64
Case #44: 5 7 8 9
Case #45: 10 11 12 13 14 15 16 17 18 19 20 21 22 23 24 25 26 27 28 29 30 31 32 33 34
Case #46: 7 17 27 37 47 57 67 77 87 97
Case #47: 3 4 5
Case #48: 6 29 51 72 92 111 112 113 114 115 116 117 118 119 120 121 122 123 124 125 126 127 128 129 311
Case #49: 2 10 11 12 13 14 15 16 17 49
Case #50: 14 20 23 28 31 32 33 35 38 42 45 46 50 51 55
