50
3
1 2 3
2 3 5
3 5 6
2 3 4
1 2 3
6
3 6 9 10 13 15
15 18 21 23 26 29
4 9 12 15 16 18
8 13 17 19 21 23
6 11 15 18 20 21
9 12 15 17 20 22
9 14 20 21 22 26
6 9 11 13 14 17
10 15 18 19 21 25
10 17 22 25 27 29
13 16 20 21 22 27
7
7 14 21 28 35 42 49
1 8 15 22 29 36 43
43 44 45 46 47 48 49
1 2 3 4 5 6 7
22 23 24 25 26 27 28
36 37 38 39 40 41 42
3 10 17 24 31 38 45
29 30 31 32 33 34 35
8 9 10 11 12 13 14
2 9 16 23 30 37 44
4 11 18 25 32 39 46
6 13 20 27 34 41 48
5 12 19 26 33 40 47
7
1 2 3 4 5 6 7
2 3 4 5 6 7 8
5 6 7 8 9 10 11
4 5 6 7 8 9 10
4 5 6 7 8 9 10
7 8 9 10 11 12 13
6 7 8 9 10 11 12
7 8 9 10 11 12 13
6 7 8 9 10 11 12
2 3 4 5 6 7 8
3 4 5 6 7 8 9
1 2 3 4 5 6 7
3 4 5 6 7 8 9
7
6 11 15 18 20 21 32
1 2 3 4 5 6 23
2 7 8 9 10 11 24
4 9 13 16 17 18 29
3 8 12 13 14 15 26
4 9 13 16 17 18 28
5 10 14 17 19 20 31
5 10 14 17 19 20 30
2 7 8 9 10 11 25
23 24 27 29 31 32 34
3 8 12 13 14 15 27
1 2 3 4 5 6 22
22 25 26 28 30 33 34
7
5 7 9 10 11 14 16
1 3 5 6 7 8 9
5 10 11 13 14 16 20
6 9 11 12 13 16 18
2 4 7 9 11 13 15
7 11 12 13 14 18 19
7 14 16 18 19 20 23
8 13 14 15 16 19 20
1 2 3 4 5 6 7
3 4 6 8 10 12 14
6 12 14 16 18 19 21
3 6 9 11 12 14 17
9 15 17 19 20 21 23
4
1 2 3 8
3 5 6 12
8 9 11 13
7 10 12 13
3 5 6 11
2 4 5 10
1 2 3 7
10
6 10 16 18 20 23 24 27 30 33
9 12 15 18 20 21 23 25 27 30
5 8 9 10 12 13 16 17 19 21
16 21 24 27 30 34 35 39 41 43
9 16 20 23 26 30 33 35 40 41
8 13 19 21 24 27 31 34 37 39
12 19 24 27 30 34 38 41 43 45
7 12 18 20 22 25 28 30 31 34
13 21 26 30 33 37 39 43 45 48
10 15 18 20 22 24 26 29 30 33
6 11 13 16 18 19 20 22 24 26
4 8 11 12 15 18 19 21 22 25
19 25 30 33 34 39 41 43 45 48
18 22 27 30 31 37 40 42 43 45
15 19 21 24 28 31 33 36 38 39
5 9 13 15 18 20 21 24 27 30
2 5 6 9 10 12 15 16 18 19
10 17 22 25 29 32 36 39 42 43
2 4 5 6 7 8 9 10 12 13
9
3 8 11 14 16 19 21 23 24
17 25 33 38 41 46 47 49 53
3 5 10 11 15 17 19 22 25
23 27 36 40 45 49 55 57 61
16 20 27 32 33 41 47 49 52
14 19 22 27 31 38 42 46 48
10 14 18 22 27 31 33 36 41
21 22 33 37 42 47 52 55 58
25 34 42 48 52 55 58 61 63
8 10 14 19 23 25 28 32 34
11 19 20 27 32 34 37 40 44
15 23 28 31 33 36 42 45 49
22 32 40 46 49 53 55 57 58
5 10 14 19 20 21 22 27 28
19 21 31 34 36 46 48 53 55
19 28 36 42 47 48 52 55 57
11 14 18 20 28 33 36 40 42
10
11 12 15 16 17 19 21 23 25 27
3 5 6 7 9 11 12 14 16 17
1 3 5 6 7 9 11 12 13 14
7 9 10 12 14 15 17 19 21 22
15 17 19 20 22 25 27 28 29 32
9 11 13 15 16 17 19 21 23 25
6 7 8 10 12 15 16 18 20 21
7 8 10 11 14 16 17 20 22 24
14 17 18 21 24 25 26 29 31 32
5 6 7 9 10 13 15 16 17 18
13 16 17 20 22 23 25 27 28 29
12 13 15 17 19 21 23 25 27 29
3 5 6 7 8 10 12 13 14 17
10 12 14 15 17 19 21 22 25 26
5 6 7 8 10 12 14 15 17 19
13 14 17 18 21 23 25 26 28 31
1 3 5 6 7 9 10 12 13 15
6 7 9 10 11 14 15 17 18 20
9 10 12 14 15 17 19 21 23 25
2
2 22
22 222
2 22
7
7 10 11 16 17 19 23
11 15 17 20 23 25 28
6 8 10 11 15 19 21
8 10 11 14 16 20 24
10 13 16 19 22 23 25
3 5 7 10 13 16 17
5 8 10 13 15 18 21
16 19 20 23 25 28 31
10 11 14 19 20 22 25
17 21 24 25 28 29 34
13 15 16 22 23 26 28
17 21 23 25 28 31 34
3 6 8 10 11 14 17
8
8 10 13 16 19 21 23 25
19 21 23 26 30 32 35 38
15 18 20 25 28 31 33 38
14 17 19 23 26 29 31 35
12 14 17 21 23 27 30 32
3 4 6 9 11 12 14 15
14 17 19 22 24 27 29 31
4 7 9 10 13 17 20 21
6 7 10 11 12 14 17 18
3 6 7 8 11 14 17 19
6 10 12 13 16 19 22 23
9 11 13 16 19 22 25 26
17 20 22 25 28 30 31 33
7 9 12 13 15 17 19 20
11 13 16 19 20 23 26 28
10
4 5 6 7 8 9 10 11 12 13
6 7 8 9 10 11 12 13 14 15
5 6 7 8 9 10 11 12 13 14
9 10 11 12 13 14 15 16 17 18
6 7 8 9 10 11 12 13 14 15
4 5 6 7 8 9 10 11 12 13
5 6 7 8 9 10 11 12 13 14
10 11 12 13 14 15 16 17 18 19
8 9 10 11 12 13 14 15 16 17
8 9 10 11 12 13 14 15 16 17
3 4 5 6 7 8 9 10 11 12
3 4 5 6 7 8 9 10 11 12
1 2 3 4 5 6 7 8 9 10
1 2 3 4 5 6 7 8 9 10
7 8 9 10 11 12 13 14 15 16
9 10 11 12 13 14 15 16 17 18
2 3 4 5 6 7 8 9 10 11
2 3 4 5 6 7 8 9 10 11
7 8 9 10 11 12 13 14 15 16
7
10 15 16 24 27 28 29
19 30 32 33 34 38 39
3 8 10 12 16 19 20
10 15 16 21 28 32 37
11 20 24 27 29 33 42
13 25 27 29 33 34 43
20 35 37 42 43 45 50
5 13 15 20 25 30 35
8 13 15 20 25 26 28
16 25 28 29 33 36 37
12 20 21 27 29 32 34
18 26 28 32 36 38 45
20 28 29 34 37 39 50
5
1 4 6 9 11
6 11 16 18 21
11 13 24 29 33
13 15 21 26 33
4 6 9 14 15
9 12 19 23 26
9 14 18 23 29
5 9 16 19 24
1 4 5 9 13
9
6 9 12 13 14 16 18 19 22
10 14 16 17 19 20 23 24 27
3 6 8 10 12 13 15 16 18
9 13 14 16 18 19 21 23 25
8 12 15 16 17 20 21 23 24
6 10 11 12 14 16 17 18 22
1 2 3 5 6 7 9 10 12
4 6 8 10 11 12 14 16 18
1 2 4 5 6 7 8 10 11
5 7 10 11 12 14 16 17 20
10 13 16 17 18 22 23 24 25
7 11 13 14 16 18 19 20 23
5 8 10 11 13 14 16 17 20
11 14 18 20 22 23 25 27 29
2 4 6 7 9 11 12 13 14
7 11 12 14 16 18 20 22 23
2 4 6 8 10 11 13 14 16
7
16 21 23 26 29 31 32
13 16 19 21 25 30 32
13 18 21 23 25 27 30
4 7 8 10 11 15 16
1 4 5 8 11 13 16
4 7 10 12 15 18 21
7 8 12 13 17 21 23
5 10 12 15 16 18 19
1 4 7 8 10 12 13
8 10 15 16 19 23 26
8 12 13 16 19 20 21
10 11 16 19 21 25 29
11 15 17 19 21 22 25
7
4 6 9 10 12 13 14
3 5 7 9 10 11 13
6 7 10 12 13 14 16
6 9 10 12 13 15 16
3 5 6 7 9 10 12
11 13 14 16 18 19 23
10 12 15 16 19 21 23
7 10 12 13 15 17 19
9 11 13 14 17 18 21
4 7 9 10 11 13 15
9 10 13 15 17 18 19
7 9 11 13 15 17 18
1 3 4 6 7 9 11
3
1 2 3
3 4 5
2 3 4
1 2 3
3 4 5
2
4 8
2 6
6 8
9
4 5 6 9 11 12 13 15 16
8 13 14 16 18 19 21 22 23
7 11 12 14 15 17 18 21 22
5 8 11 12 14 15 18 19 20
5 7 8 11 12 13 15 16 18
6 10 12 13 15 17 19 20 22
11 16 17 18 20 22 24 27 29
1 2 3 4 5 6 8 9 11
9 13 15 16 19 21 22 25 27
2 3 5 7 9 11 13 14 16
11 15 16 18 21 22 23 26 29
3 5 6 8 10 12 14 16 17
10 14 16 17 19 20 23 25 26
4 7 9 11 12 14 16 17 18
6 9 10 12 14 15 17 19 21
8 12 13 15 17 18 21 23 24
1 2 4 5 6 7 8 10 11
4
6 7 10 12
8 10 12 14
8 9 12 14
4 6 7 10
2 4 6 8
2 4 6 8
4 6 8 9
2
6 8
2 4
2 6
8
10 17 21 25 29 33 34 38
12 18 24 29 30 34 35 42
14 16 22 25 28 33 34 38
17 18 26 27 30 34 35 40
7 10 12 15 19 22 26 29
4 7 10 11 15 17 18 20
9 15 19 20 26 28 30 32
18 21 29 30 32 38 42 46
1 4 7 9 12 14 17 18
9 12 15 18 20 25 29 31
15 20 27 31 35 38 40 46
7 10 12 15 19 21 24 27
1 3 7 8 9 10 12 15
8 11 15 18 23 25 27 30
3 7 10 12 14 16 18 21
2
4 8
3 4
7 8
3
7 13 16
2 6 9
9 13 16
6 10 13
4 10 13
7
1 3 6 9 10 12 14
5 6 9 15 19 23 24
10 14 17 21 26 30 31
17 19 21 27 29 36 39
12 20 23 24 30 33 36
14 23 24 28 31 36 39
6 8 9 15 17 19 21
9 13 15 18 21 24 27
14 16 19 24 28 33 36
1 2 5 8 10 14 17
3 4 6 12 14 16 19
10 17 19 23 26 28 29
2 4 8 13 17 20 23
8
11 12 15 16 19 20 22 24
13 15 17 19 21 22 23 26
7 9 11 13 15 16 19 20
12 14 17 19 23 24 26 28
9 11 14 15 17 19 21 23
5 8 9 12 14 15 17 18
15 16 18 20 23 24 25 28
2 3 5 7 8 10 11 12
11 12 16 17 21 22 23 25
10 11 14 16 19 20 22 24
4 6 8 9 10 11 12 14
3 6 7 10 11 12 15 16
8 10 13 14 17 19 21 23
6 7 9 11 13 14 16 17
8 10 12 13 14 16 17 19
5
8 9 10 11 14
3 5 6 8 10
7 10 11 12 14
2 5 6 7 9
6 7 9 10 12
1 3 4 6 8
4 6 7 9 10
1 2 4 6 7
4 6 7 9 11
10
11 14 17 18 20 21 25 28 29 32
4 8 10 14 17 19 22 24 27 30
10 11 14 16 17 20 22 24 25 28
6 11 14 16 18 21 25 28 30 31
10 14 19 20 21 24 29 32 35 36
17 20 24 28 29 32 33 36 38 40
2 5 7 10 11 12 15 17 20 21
2 3 4 6 8 10 12 15 17 19
17 19 23 25 29 32 36 38 42 44
19 22 25 28 32 33 38 40 45 48
15 18 22 25 26 29 31 33 36 38
8 12 16 17 20 22 26 29 31 32
12 15 19 21 22 24 27 31 32 33
20 21 27 30 31 35 36 39 42 45
7 9 10 14 16 19 20 21 23 25
21 22 30 31 32 36 39 41 44 48
5 7 8 11 12 14 17 18 19 22
15 18 21 24 28 31 33 36 39 41
12 17 20 22 25 27 31 33 36 39
10
4 12 19 25 26 27 28 29 30 53
2 10 11 12 13 14 15 16 17 49
3 11 18 19 20 21 22 23 24 50
3 11 18 19 20 21 22 23 24 51
8 16 23 29 34 38 41 43 44 60
6 14 21 27 32 36 37 38 39 57
47 48 50 52 54 56 59 60 62 64
8 16 23 29 34 38 41 43 44 61
6 14 21 27 32 36 37 38 39 56
1 2 3 4 5 6 7 8 9 47
9 17 24 30 35 39 42 44 45 63
5 13 20 26 31 32 33 34 35 54
4 12 19 25 26 27 28 29 30 52
46 49 51 53 55 57 58 61 63 64
7 15 22 28 33 37 40 41 42 58
1 2 3 4 5 6 7 8 9 46
5 13 20 26 31 32 33 34 35 55
9 17 24 30 35 39 42 44 45 62
7 15 22 28 33 37 40 41 42 59
4
1 5 9 13
1 2 3 4
3 7 11 15
5 6 7 8
2 6 10 14
13 14 15 16
4 8 12 16
2
4 8
2 6
2 4
4
11 12 15 22
1 4 6 7
7 10 14 18
4 6 10 12
7 11 18 22
1 3 7 11
3 6 10 11
4
42 67 77 98
42 67 72 89
18 42 49 52
52 98 104 128
82 89 96 128
62 72 93 104
49 77 93 96
7
4 5 8 10 12 13 14
2 3 5 6 8 9 10
6 8 10 11 13 15 17
3 4 5 8 10 12 14
10 14 15 17 19 22 23
3 4 6 8 9 11 13
8 9 12 14 16 17 19
10 13 14 17 20 22 23
9 11 13 16 18 20 22
9 12 13 15 17 20 22
7 10 12 13 16 18 20
6 8 10 11 14 16 17
2 3 4 6 7 9 10
10
31 32 33 34 35 36 37 38 39 40
21 22 23 24 25 26 27 28 29 30
71 72 73 74 75 76 77 78 79 80
41 42 43 44 45 46 47 48 49 50
61 62 63 64 65 66 67 68 69 70
51 52 53 54 55 56 57 58 59 60
1 2 3 4 5 6 7 8 9 10
3 13 23 33 43 53 63 73 83 93
6 16 26 36 46 56 66 76 86 96
91 92 93 94 95 96 97 98 99 100
2 12 22 32 42 52 62 72 82 92
81 82 83 84 85 86 87 88 89 90
8 18 28 38 48 58 68 78 88 98
11 12 13 14 15 16 17 18 19 20
10 20 30 40 50 60 70 80 90 100
4 14 24 34 44 54 64 74 84 94
1 11 21 31 41 51 61 71 81 91
5 15 25 35 45 55 65 75 85 95
7 17 27 37 47 57 67 77 87 97
4
3 6 9 12
2 6 9 11
5 9 12 14
1 3 5 6
6 12 14 15
3 9 12 13
1 2 3 6
8
9 13 14 16 18 20 23 24
4 5 7 9 10 12 13 14
1 3 4 6 7 8 9 10
10 15 16 17 19 22 25 27
6 8 10 12 13 15 17 19
3 4 6 7 8 10 12 13
12 13 14 19 20 22 24 27
1 3 4 6 7 9 11 12
9 10 12 15 17 18 20 22
6 7 9 12 13 15 16 17
7 8 10 13 14 16 18 19
11 12 13 17 19 21 23 25
7 10 12 13 14 17 19 20
3 4 5 8 10 11 13 15
4 6 7 10 12 13 14 16
6
5 8 9 11 12 15
10 12 14 15 16 18
2 4 5 6 8 10
3 5 7 8 10 12
4 5 6 8 10 11
8 11 13 14 17 18
5 7 8 9 11 13
4 6 8 9 11 14
6 8 9 11 13 14
2 3 4 5 6 8
6 10 11 13 15 16
3
1 2 3
3 4 5
1 2 3
2 3 4
2 3 4
2
2 4
4 8
6 8
2
2 22
22 222
22 222
10
44 111 131 153 189 212 226 249 296 319
31 98 114 116 162 184 201 216 251 253
20 55 61 79 134 155 156 157 166 168
66 89 111 134 150 162 183 189 210 216
81 102 134 155 178 184 202 212 234 241
5 39 54 62 89 102 125 127 134 152
83 125 140 156 188 201 218 226 251 263
11 54 57 78 111 134 140 150 165 166
88 127 150 157 206 216 220 249 272 286
51 54 57 61 101 114 122 131 140 162
4 28 51 56 66 81 83 88 99 101
29 78 101 107 150 178 188 206 227 239
56 62 78 79 107 116 144 153 162 169
42 106 122 144 183 202 218 220 276 300
28 39 54 55 78 98 106 111 119 130
99 134 165 166 227 251 276 296 299 306
4 5 11 20 29 31 42 44 66 73
101 152 166 168 239 253 300 319 325 350
66 119 140 162 210 234 251 272 299 325
3
6 8 10
2 6 10
4 8 13
2 4 6
10 13 18
4
3 4 5 6
4 5 6 7
3 4 5 6
2 3 4 5
1 2 3 4
2 3 4 5
4 5 6 7
7
93 97 135 145 182 189 220
72 79 84 93 132 137 145
27 59 73 79 88 121 144
84 88 113 114 155 169 182
42 59 68 79 90 95 97
117 144 150 168 184 202 220
22 27 41 45 63 71 93
22 42 54 72 84 101 117
45 79 84 93 114 165 168
41 68 75 84 113 141 150
71 95 126 137 169 175 202
63 90 110 132 155 168 184
54 73 75 84 110 126 135
7
13 17 21 25 29 30 33
8 12 15 16 19 25 26
8 11 12 16 20 24 26
10 14 17 20 23 29 32
13 18 22 24 26 30 35
5 9 11 15 17 22 23
16 19 23 26 30 33 38
5 9 11 12 15 21 25
17 18 25 26 32 35 38
2 4 5 8 10 13 16
9 14 15 19 23 26 30
2 3 5 8 9 13 17
4 5 9 11 14 17 18
3
1 2 3
3 4 5
2 3 4
3 4 5
2 3 4
