50
3
1 2 3
2 3 5
3 5 6
2 3 4
1 2 3
4
2 3 4 5
3 4 5 6
3 4 5 6
4 5 6 7
1 2 3 4
1 2 3 4
4 5 6 7
7
64 96 101 126 151 178 193
80 137 155 178 195 213 229
44 83 90 101 126 133 156
66 121 132 151 154 177 190
64 97 100 126 144 165 169
87 145 179 193 202 214 235
34 64 83 97 121 137 145
41 64 71 96 110 126 137
89 137 156 169 190 229 235
47 71 90 100 132 155 179
18 41 44 64 66 80 87
18 34 47 64 78 84 89
78 110 126 144 154 195 202
3
2 3 4
2 3 4
3 4 5
1 2 3
1 2 3
2
2 6
4 8
6 8
9
3 5 6 7 9 10 12 13 15
12 14 16 17 20 22 23 27 29
5 7 10 12 13 15 16 17 18
6 9 12 13 14 16 18 20 21
13 16 17 18 21 23 24 28 31
2 5 7 8 9 11 12 14 16
7 9 11 13 14 17 19 21 22
10 13 17 19 21 23 25 27 28
8 12 15 17 19 21 22 23 24
1 2 3 5 6 7 8 10 11
1 3 4 6 7 9 10 12 13
7 10 14 16 17 19 20 22 23
6 8 10 12 13 16 17 19 21
4 7 9 10 12 14 15 17 19
10 12 15 16 18 20 22 25 27
3 6 9 10 11 13 15 16 17
9 11 13 15 16 19 21 23 25
7
10 13 15 17 19 20 23
5 6 8 9 12 13 15
3 5 6 9 10 12 13
9 12 15 16 18 19 20
1 3 5 7 8 9 11
7 9 11 13 15 16 17
1 3 5 6 7 9 10
6 8 9 13 14 16 19
11 13 17 19 20 22 23
5 7 8 11 13 15 17
7 10 12 15 16 18 20
9 12 13 16 18 19 22
8 10 13 14 16 18 19
8
7 12 15 17 21 23 27 33
9 14 21 26 30 35 38 40
15 17 20 26 30 31 34 41
4 9 10 15 17 20 25 29
4 7 8 9 13 17 21 26
17 21 22 30 35 39 40 43
26 31 37 41 43 52 53 56
13 18 25 30 35 38 43 45
10 15 16 21 25 27 32 37
29 33 34 40 45 51 52 56
17 22 27 31 39 43 46 51
20 23 25 35 38 43 48 52
25 27 29 38 43 46 50 53
8 13 16 20 22 25 29 34
9 12 13 14 18 22 27 31
7
5 10 14 17 19 20 30
6 11 15 18 20 21 32
2 7 8 9 10 11 25
4 9 13 16 17 18 28
1 2 3 4 5 6 22
5 10 14 17 19 20 31
22 25 27 29 30 33 34
2 7 8 9 10 11 24
6 11 15 18 20 21 33
4 9 13 16 17 18 29
3 8 12 13 14 15 27
1 2 3 4 5 6 23
3 8 12 13 14 15 26
2
6 8
2 6
2 4
10
7 15 22 28 33 37 40 41 42 58
47 49 51 53 55 56 58 61 63 64
46 48 50 52 54 57 59 60 62 64
7 15 22 28 33 37 40 41 42 59
1 2 3 4 5 6 7 8 9 47
6 14 21 27 32 36 37 38 39 57
5 13 20 26 31 32 33 34 35 55
2 10 11 12 13 14 15 16 17 48
8 16 23 29 34 38 41 43 44 60
4 12 19 25 26 27 28 29 30 52
5 13 20 26 31 32 33 34 35 54
2 10 11 12 13 14 15 16 17 49
3 11 18 19 20 21 22 23 24 51
1 2 3 4 5 6 7 8 9 46
9 17 24 30 35 39 42 44 45 63
4 12 19 25 26 27 28 29 30 53
9 17 24 30 35 39 42 44 45 62
8 16 23 29 34 38 41 43 44 61
6 14 21 27 32 36 37 38 39 56
3
3 4 5
2 3 4
1 2 3
3 4 5
2 3 4
10
23 30 31 34 42 43 47 49 54 58
22 27 29 33 39 41 44 48 50 52
7 8 14 23 24 28 30 33 34 36
18 26 29 39 41 44 50 52 58 59
10 13 18 28 30 36 38 41 43 47
1 4 5 7 9 10 11 12 16 18
12 21 22 34 37 40 44 48 49 51
4 5 9 16 17 21 23 27 30 33
11 17 20 32 36 39 40 44 47 48
12 16 19 23 27 28 32 34 35 39
18 23 28 30 36 38 40 44 47 50
8 9 10 14 16 18 20 22 27 29
9 11 16 27 29 33 36 39 42 46
1 4 8 12 13 17 18 22 23 26
13 17 22 24 29 30 36 37 38 41
17 21 25 28 33 36 39 40 43 44
26 33 34 36 46 47 48 51 56 59
4 5 6 8 11 13 17 21 23 26
16 23 27 35 38 43 47 50 54 56
7
2 7 10 13 14 15 16
7 10 11 14 15 18 21
9 14 17 20 22 24 25
8 11 14 16 20 22 23
11 15 19 22 25 28 31
10 12 15 19 22 25 26
4 7 8 11 12 14 17
8 13 15 16 19 20 24
5 8 11 15 17 19 22
1 2 5 8 10 13 14
13 14 18 20 24 28 31
14 17 21 24 25 31 33
12 16 22 23 26 31 33
4
3 4 7 8
8 11 13 16
4 6 8 10
7 10 13 16
7 8 10 13
5 8 10 13
3 4 5 7
4
1 2 3 7
7 9 12 13
2 4 5 10
1 2 3 8
8 10 11 13
3 5 6 12
3 5 6 11
7
43 44 45 46 47 48 49
7 14 21 28 35 42 49
29 30 31 32 33 34 35
1 8 15 22 29 36 43
5 12 19 26 33 40 47
6 13 20 27 34 41 48
4 11 18 25 32 39 46
8 9 10 11 12 13 14
15 16 17 18 19 20 21
1 2 3 4 5 6 7
22 23 24 25 26 27 28
36 37 38 39 40 41 42
3 10 17 24 31 38 45
6
9 11 14 15 18 20
10 12 14 16 17 20
2 3 5 7 9 10
2 4 5 6 7 9
6 8 10 12 14 16
7 9 11 12 14 15
7 10 12 14 16 17
5 7 8 11 12 14
5 6 8 10 12 14
3 5 7 8 10 11
9 10 12 14 16 18
7
11 12 14 19 20 21 25
12 18 20 21 25 29 30
8 11 12 16 17 20 23
8 10 12 14 18 19 24
2 5 8 10 11 12 14
10 13 16 19 22 25 27
14 19 23 25 26 32 35
5 7 10 13 16 18 19
2 5 8 11 14 17 19
11 16 17 20 24 27 28
5 7 11 12 16 18 21
14 16 18 22 24 25 26
19 21 24 27 28 30 35
6
3 5 7 10 11 13
13 18 22 23 26 27
11 14 17 20 24 26
11 16 19 21 24 25
7 9 11 16 19 22
3 6 9 10 11 13
10 13 14 18 21 23
10 13 16 18 20 21
5 8 10 13 16 18
6 8 9 13 14 17
9 10 11 14 17 18
5
3 4 6 7 8
2 3 4 6 7
5 7 8 9 11
6 8 9 10 12
8 10 11 12 14
2 3 5 6 8
7 8 11 12 14
3 4 7 8 10
4 6 8 9 11
10
3 5 7 10 11 13 15 18 21 22
15 19 22 25 28 30 32 34 37 40
7 9 12 13 16 17 20 23 25 27
3 6 7 9 11 13 14 15 16 19
11 13 16 20 23 24 28 31 33 36
19 24 27 29 33 36 40 42 48 49
11 15 17 20 23 24 26 28 31 33
21 23 25 27 33 37 39 43 45 48
6 7 9 13 15 17 19 22 23 25
9 12 13 19 20 23 25 26 27 29
13 17 19 23 24 26 28 30 32 36
10 13 16 19 20 23 24 26 27 29
15 20 23 26 28 30 34 40 43 45
5 7 8 12 13 16 17 20 21 24
16 21 25 27 31 32 37 41 45 46
18 22 23 26 31 34 37 40 41 42
7 8 12 16 17 19 22 23 25 28
13 16 17 23 24 26 30 34 37 39
22 25 28 29 36 39 42 45 46 49
4
3 6 7 9
2 4 5 7
5 7 9 11
1 2 3 4
3 5 7 9
2 4 6 7
4 7 9 11
2
4 8
2 6
2 4
2
22 222
22 222
2 22
9
11 16 19 21 26 27 30 33 34
5 9 12 14 18 19 23 25 26
17 19 23 24 27 31 32 36 38
15 20 24 25 30 32 34 37 39
18 21 25 27 33 36 37 40 42
9 12 13 16 19 21 24 25 28
20 23 28 31 35 38 39 43 45
22 26 31 32 34 37 39 42 45
6 9 11 14 16 17 20 21 23
9 14 16 17 23 24 26 30 32
20 23 24 26 30 32 34 37 39
3 5 8 9 11 14 15 18 20
8 11 13 16 20 23 24 28 31
21 25 28 30 33 35 37 40 43
3 6 9 12 15 17 20 21 22
12 14 16 17 21 22 25 27 31
15 18 20 23 26 29 30 33 35
7
12 13 18 22 24 27 31
20 22 24 30 34 37 41
6 17 18 24 26 27 34
4 9 15 18 20 23 24
10 18 22 27 31 34 37
17 20 23 26 27 34 38
14 18 20 24 26 31 35
3 7 11 13 18 20 22
1 5 8 12 14 17 20
1 3 4 5 6 10 11
11 22 25 31 35 38 41
5 13 17 22 24 26 30
8 11 15 17 18 22 25
4
7 9 11 13
2 4 6 7
6 9 11 13
2 4 5 6
4 6 8 9
4 6 8 9
6 8 10 11
10
1 2 3 4 5 6 7 8 9 10
10 11 12 13 14 15 16 17 18 19
6 7 8 9 10 11 12 13 14 15
7 8 9 10 11 12 13 14 15 16
6 7 8 9 10 11 12 13 14 15
9 10 11 12 13 14 15 16 17 18
10 11 12 13 14 15 16 17 18 19
9 10 11 12 13 14 15 16 17 18
2 3 4 5 6 7 8 9 10 11
7 8 9 10 11 12 13 14 15 16
4 5 6 7 8 9 10 11 12 13
3 4 5 6 7 8 9 10 11 12
8 9 10 11 12 13 14 15 16 17
8 9 10 11 12 13 14 15 16 17
1 2 3 4 5 6 7 8 9 10
3 4 5 6 7 8 9 10 11 12
2 3 4 5 6 7 8 9 10 11
5 6 7 8 9 10 11 12 13 14
5 6 7 8 9 10 11 12 13 14
10
19 24 25 27 36 39 43 49 51 57
18 24 27 28 32 38 42 43 45 49
13 19 23 26 27 30 33 36 39 41
21 28 29 30 39 41 45 53 55 61
22 27 32 37 41 43 50 51 55 61
5 8 11 12 13 16 20 24 28 30
19 26 31 34 37 42 46 49 53 57
24 30 34 38 43 46 53 57 61 62
6 11 15 17 18 19 22 25 29 33
10 13 18 23 27 31 32 37 41 43
24 30 33 34 41 45 49 57 61 62
6 11 15 19 23 25 27 31 32 34
18 20 22 26 33 35 42 46 50 53
1 5 6 7 10 14 18 19 21 24
1 5 6 9 13 16 18 19 22 24
5 8 11 15 19 21 24 26 27 30
16 21 25 27 31 34 35 39 41 45
9 15 19 22 23 24 26 27 30 34
14 16 19 24 30 34 38 42 43 46
4
34 40 62 94
27 28 34 40
4 10 12 34
12 34 52 90
4 27 31 56
31 46 52 62
10 28 46 76
10
2 4 5 6 8 9 10 11 12 14
12 18 19 21 23 25 26 27 29 30
2 4 5 6 7 8 10 11 12 13
6 9 10 11 12 15 17 19 20 22
9 10 13 15 16 19 21 23 25 27
7 10 11 13 15 16 19 20 22 24
4 6 7 8 9 10 11 13 14 15
10 14 16 17 20 21 23 24 26 27
12 14 17 20 22 23 26 27 29 32
11 13 15 19 20 22 24 25 27 30
8 12 14 16 18 19 21 22 23 26
4 6 7 9 10 12 14 16 18 20
8 9 11 12 15 18 20 22 23 25
5 7 8 10 11 14 16 18 19 21
5 7 8 10 11 13 14 15 17 18
13 20 21 23 25 27 29 30 32 34
6 8 10 11 13 16 17 19 21 23
11 16 18 19 22 23 24 25 27 28
14 15 18 22 24 26 27 28 30 34
3
7 8 11
3 4 6
4 5 9
4 5 8
6 9 11
6
6 11 14 15 16 18
6 10 12 15 18 21
11 16 18 21 24 26
1 3 5 6 9 11
3 4 8 11 14 16
1 3 4 6 7 9
9 14 16 18 19 22
7 11 13 16 19 24
9 13 14 18 22 26
5 8 9 12 13 14
4 7 9 14 16 18
3
6 9 12
4 7 9
2 5 7
2 4 6
5 7 9
2
4 7
4 9
9 11
3
1 2 3
3 4 5
2 3 4
1 2 3
3 4 5
3
3 4 8
4 7 11
8 9 14
6 7 9
3 6 9
3
4 9 15
1 3 4
3 8 13
1 5 9
5 8 9
4
2 6 10 14
1 5 9 13
3 7 11 15
13 14 15 16
4 8 12 16
5 6 7 8
9 10 11 12
2
6 8
4 8
2 4
10
12 19 23 24 29 33 38 43 46 48
19 27 30 33 38 41 43 45 51 57
10 11 12 17 22 27 30 33 38 41
27 30 35 38 39 43 50 54 57 61
11 12 18 23 26 30 33 41 43 45
11 16 18 23 24 30 35 38 39 43
16 17 23 24 29 33 38 44 48 53
5 10 11 12 14 19 21 24 28 29
28 41 43 48 49 51 57 59 64 68
35 38 39 46 47 51 58 62 64 68
40 41 43 48 53 57 61 64 68 70
19 22 24 29 31 38 43 45 49 56
7 11 16 19 24 27 31 36 41 44
31 33 38 43 44 45 53 56 59 62
14 24 26 29 31 35 39 44 47 53
24 27 30 33 35 41 46 49 51 57
21 31 33 38 43 46 50 53 58 61
29 44 45 53 56 57 61 62 68 70
5 7 11 16 19 24 27 31 35 40
8
14 18 27 32 33 41 50 51
11 15 21 25 27 36 37 39
8 12 15 17 18 21 25 29
3 8 11 13 14 17 18 23
22 26 27 29 33 38 42 45
23 29 34 42 45 56 59 64
30 38 39 49 51 55 57 64
3 8 13 17 22 24 26 30
18 25 30 37 42 51 56 57
24 31 36 40 41 46 51 56
17 20 25 28 32 33 37 42
13 17 21 24 27 29 30 34
26 35 37 45 50 54 56 59
17 21 29 33 38 46 54 55
13 17 24 28 29 40 45 49
10
113 140 181 188 202 229 257 273 316 324
18 43 58 68 84 101 104 129 152 153
89 125 154 163 171 203 226 251 278 298
18 31 42 60 68 80 89 96 113 128
68 71 75 92 116 140 163 187 188 204
128 142 183 204 223 244 258 274 334 337
42 57 62 75 127 142 155 184 191 231
58 59 62 72 105 130 154 172 181 183
43 44 57 62 88 105 125 137 140 142
80 105 130 140 154 187 223 248 257 287
129 167 184 205 228 248 251 265 273 274
152 189 191 216 231 257 278 300 316 334
60 62 72 92 142 148 180 205 216 250
96 137 172 187 194 226 247 265 300 312
104 143 155 180 199 223 226 247 257 258
153 214 231 250 272 287 298 312 324 337
101 119 142 148 169 187 203 226 229 244
31 44 59 71 103 119 143 167 189 214
84 103 127 142 153 154 171 194 202 223
10
81 82 83 84 85 86 87 88 89 90
5 15 25 35 45 55 65 75 85 95
8 18 28 38 48 58 68 78 88 98
4 14 24 34 44 54 64 74 84 94
1 11 21 31 41 51 61 71 81 91
3 13 23 33 43 53 63 73 83 93
21 22 23 24 25 26 27 28 29 30
61 62 63 64 65 66 67 68 69 70
11 12 13 14 15 16 17 18 19 20
41 42 43 44 45 46 47 48 49 50
10 20 30 40 50 60 70 80 90 100
6 16 26 36 46 56 66 76 86 96
7 17 27 37 47 57 67 77 87 97
71 72 73 74 75 76 77 78 79 80
31 32 33 34 35 36 37 38 39 40
9 19 29 39 49 59 69 79 89 99
51 52 53 54 55 56 57 58 59 60
91 92 93 94 95 96 97 98 99 100
2 12 22 32 42 52 62 72 82 92
6
9 12 15 18 20 22
13 15 19 23 27 30
8 10 15 19 21 26
4 5 8 10 14 18
18 19 22 30 33 35
21 25 26 28 33 35
4 7 9 13 17 21
7 9 10 12 15 19
14 15 20 27 29 33
10 12 18 23 24 28
17 19 21 24 29 33
7
1 2 3 4 5 6 7
3 4 5 6 7 8 9
5 6 7 8 9 10 11
2 3 4 5 6 7 8
1 2 3 4 5 6 7
5 6 7 8 9 10 11
2 3 4 5 6 7 8
7 8 9 10 11 12 13
7 8 9 10 11 12 13
6 7 8 9 10 11 12
6 7 8 9 10 11 12
3 4 5 6 7 8 9
4 5 6 7 8 9 10
7
12 14 15 18 22 24 28
16 18 19 22 26 29 36
4 8 12 13 16 17 18
17 23 28 32 36 39 40
13 16 17 21 25 28 32
16 20 24 28 29 32 33
6 11 15 17 19 23 26
8 10 11 15 17 20 23
14 17 22 25 26 28 30
10 15 18 21 22 25 28
17 20 23 25 28 32 39
18 24 26 28 30 33 40
5 10 14 16 18 20 24
2
2 22
22 222
2 22
7
14 18 21 26 31 34 39
20 26 31 32 36 42 46
10 13 17 22 25 28 31
8 11 17 21 27 31 32
21 26 31 39 42 46 51
17 21 28 34 38 42 43
10 15 22 26 31 32 36
14 18 25 31 33 36 41
5 7 8 10 14 17 21
15 22 27 31 33 38 42
7 8 11 15 18 21 26
22 29 32 36 41 43 51
5 7 10 14 15 20 22
