Case #1: 3 4 6
Case #2: 6 10 13 18 21 23 26 29
Case #3: 8 10 11 12 16 17 18 19 20 26 29
Case #4: 6 8 9 10 11 14 15 16 18 19 20 29
Case #5: 6 8 9 10 13 16 20 21 22 27 29
Case #6: 6 8 9 10 14 21 28 35 42 49
Case #7: 6 9 10 14 15 21 22 28 29 35 36 42 44 45 46 47 48
Case #8: 2 3 4 5 7 9 10 14 15 21 23 24 25 26 27 29 35 37 42 44 45 46 47 48
Case #9: 2 4 5 7 9 14 15 17 21 23 25 26 27 30 35 37 39 40 41 44 46 47 48
Case #10: 4 5 7 8 9 10 11 12 13 15 16 17 21 25 26 27 30 32 33 34 37 39 40 41 44 46 47 48
Case #11: 5 6 7 8 9 10 12 15 16 17 18 20 21 26 33 40 41 47 48
Case #12: 1 2 3 4 5 6 8 9 10 15 16 17 18 19 20 21
Case #13: 1 5 7 8 15 16 17 18 19 20 21
Case #14: 1 5 7 8 11 15 16 17 18 19 20 21
Case #15: 1 5 6 8 11 13 15 16 17 18 19 20 21
Case #16: 1 2 3 5 7 8 11 15 16 17 18 19 20 21
Case #17: 3 5 7 8 9 11 15 16 17 18 19 20 21
Case #18: 5 6 16 17 18 19 20 21
Case #19: 1 3 4 7 8 9 16 17 19 23 32
Case #20: 1 7 10 11 12 14 18 19 23 24 29 32
Case #21: 1 4 5 7 9 11 12 13 15 16 20 23 24 26 28 29 32
Case #22: 1 2 4 8 12 13 14 15 16 17 19 23 24 25 26 28 29 30 31 32
Case #23: 2 3 4 16 17 19 25 26 28 30 34
Case #24: 6 7 16 17 19 33
Case #25: 1 3 7 8 11 14 17 19 33
Case #26: 1 2 3 4 6 8 9 11 12 17 18 19 20 33
Case #27: 1 2 3 4 6 8 11 15 16 17 18 20 33
Case #28: 5 6 11 13 14 17 18 20 23 33
Case #29: 3 4 5 7 8 10 11 13 14 16 17 19 20 23 33
Case #30: 4 5 6 7 8 10 12 13 15 16 17 33
Case #31: 1 2 8 9 11 15 16 17 33
Case #32: 2 4 6 7 8 9 12 13 15 16 17 33
Case #33: 2 4 7 8 10 13 17 23 24 27 30
Case #34: 2 4 5 7 9 12 16 19 24 25
Case #35: 2 4 5 7 12 16 19 20 21 23 25 26 27 30 34 35 39 41 43
Case #36: 2 4 5 7 8 12 13 16 20 23 24 25 26 31 33 37 40 43
Case #37: 2 4 5 8 12 13 16 18 19 22 23 25 26 27 30 31 33 34 37 38 40 41 45
Case #38: 2 4 5 8 12 16 18 19 21 22 23 27 28 30 38 39 40 41 43 48
Case #39: 2 4 5 6 8 10 11 12 13 15 18 19 20 21 23 24 26 27 28 29 33 38 39 40 41 43 48
Case #40: 2 5 6 10 13 19 23 25 27 28 29 33 38 39 40 41 43 48
Case #41: 2 5 6 10 13 18 22 23 28 29 31 34 38 40 45
Case #42: 2 5 6 10 13 15 18 19 21 22 23 24 29 33 34 36 37 39 42 43
Case #43: 5 19 20 22 23 27 29 30 33 34 36 37 39 42 43
Case #44: 5 10 12 15 16 17 18 20 23 25 27 30 32 33 34 37
Case #45: 2 3 4 6 7 11 13 14 15 16 17 18 20 23 25 27 30 32 33 34 37
Case #46: 2 4 6 7 11 13 14 15 18 19 20 21 24 27 30 32 34 37 38 41 46 47 49 53
Case #47: 2 4 5 6 7 10 13 14 17 18 20 21 22 23 24 25 30 32 34 36 37 38 40 41 45 46 47 53 55
Case #48: 2 4 5 6 7 10 13 16 17 18 19 21 23 24 25 30 33 34 36 37 38 40 45 46 49 52 53 55 57 61
Case #49: 2 4 5 6 7 13 14 16 17 19 22 23 24 25 27 30 34 37 40 41 42 45 48 49 52 53 55 57 61
Case #50: 2 4 5 6 7 13 14 16 17 19 23 24 27 30 33 40 41 42 45 47 49 52 53 55 57 61
