Case #1: 3 4 6
Case #2: 2 3 4 5
Case #3: 84 126 133 165 177 213 214
Case #4: 3 4 5
Case #5: 2 4
Case #6: 11 15 19 21 22 25 27 29 31
Case #7: 3 5 7 8 10 12 13
Case #8: 21 27 32 34 40 48 50 52
Case #9: 23 24 26 28 31 32 34
Case #10: 4 8
Case #11: 3 11 18 19 20 21 22 23 24 50
Case #12: 1 2 3
Case #13: 5 6 10 19 22 25 28 29 31 34
Case #14: 1 4 7 8 9 11 12
Case #15: 4 6 8 11
Case #16: 2 4 5 9
Case #17: 2 9 16 23 30 37 44
Case #18: 4 5 6 9 10 12
Case #19: 17 18 19 25 27 29 32
Case #20: 13 17 18 21 25 27
Case #21: 6 7 9 10 12
Case #22: 14 17 20 24 26 28 32 37 39 42
Case #23: 1 2 3 5
Case #24: 6 8
Case #25: 2 22
Case #26: 14 17 21 22 29 31 32 35 37
Case #27: 5 7 9 13 17 18 22
Case #28: 5 8 10 11
Case #29: 4 5 6 7 8 9 10 11 12 13
Case #30: 7 12 17 22 26 27 28 34 37 38
Case #31: 56 76 90 94
Case #32: 10 11 14 17 19 21 23 24 26 29
Case #33: 3 4 7
Case #34: 3 4 7 10 11 13
Case #35: 7 9 12
Case #36: 7 11
Case #37: 2 3 4
Case #38: 9 11 14
Case #39: 9 13 15
Case #40: 1 2 3 4
Case #41: 2 6
Case #42: 24 36 41 44 45 49 54 56 62 64
Case #43: 8 12 17 20 26 31 35 38
Case #44: 68 88 105 116 153 169 199 228 231 272
Case #45: 1 2 3 4 5 6 7 8 9 10
Case #46: 5 9 12 15 19 25
Case #47: 4 5 6 7 8 9 10
Case #48: 4 5 6 10 14 16 17
Case #49: 22 222
Case #50: 7 8 13 18 22 26 29
